TILEMAP
32 32 							-- Size of tile map in tiles
16 16 							-- Tile size & block size
images/overworld.png				 	-- Tilesheet
3 3 							-- Number 
                                
                                
22222222222222222222222222222222
22222222222222222222222222222222
22                            22
22                            22
22                            22
22                            22
22                            22
22                            22
22                            22
22                            22
22                            22
22                            22
22                            22
22                            22
22                            22
22                            22
22                            22
22                            22
22                            22
22                            22
22                  311111111122
22                  3         22
22                  3         22
22                  3         22
22                  3         22
22                  3         22
22                  3         22
22111111111111111111111116666622
22222222222222222222222229999922
22222222222222222222222229999922