TILEMAP
40 40 							-- Size of tile map in tiles
16 16 							-- Tile size & block size
images/overworld.png				 	-- Tilesheet
3 3 							-- Number 
                                        
                                        
                                        
                                        
2222222222222222222222222222222222222222
2222222222222222222222222222222222222222
2222222222222222222222222222222222222222
2222222222222222222222222222222222222222
2222                                2222
2222                                2222
2222                                2222
2222                                2222
2222                                2222
2222                                2222
2222                                2222
2222                                2222
2222                                2222
2222                                2222
2222                                2222
2222                                2222
2222                                2222
2222                                2222
2222                                2222
2222                                2222
2222                                2222
2222                                2222
2222                                2222
2222                                2222
2222                                2222
2222                                2222
2222                                2222
2222                                2222
2222                                2222
2222                                2222
2222                                2222
2222                                2222
2222451111111111111111111111111111112222
2222782222222222222222222222222222222222
2222782222222222222222222222222222222222
2222782222222222222222222222222222222222