TILEMAP
40 40 							-- Size of tile map in tiles
16 16 							-- Tile size & block size
images/overworld.png				 	-- Tilesheet
3 3 							-- Number 
                                        
                                        
                                        
                                        
1111111111111111111111111111111111111111
1111111111111111111111111111111111111111
1111111111111111111111111111111111111111
1111111111111111111111111111111111111111
1111                                1111
1111                                1111
1111                                1111
1111                                1111
1111                                1111
1111                                1111
1111                                1111
1111                                1111
1111                                1111
1111                                1111
1111                                1111
1111                                1111
1111                                1111
1111                                1111
1111                                1111
1111                                1111
1111                                1111
1111                                1111
1111                                1111
1111                                1111
1111                                1111
1111                                1111
1111                                1111
1111                                1111
1111                                1111
1111                                1111
1111                                1111
1111                                1111
1111111111111111111111111111111111111111
1111111111111111111111111111111111111111
1111111111111111111111111111111111111111
1111111111111111111111111111111111111111