TILEMAP
40 40 							-- Size of tile map in tiles
16 16 							-- Tile size & block size
images/overworld.png				 	-- Tilesheet
3 3 							-- Number 
                                        
                                        
                                        
                                        
2222222222222222222222222222222222222222
2222222222222222222222222222222222222222
2222222222222222222222222222222222222222
2222222222222222222222222222222222222222
                                    2222
                                    2222
                                    2222
                                    2222
                                    2222
                                    2222
                                    2222
                                    2222
                                    2222
                                    2222
                                    2222
                                    2222
                                    2222
                                    2222
                                    2222
     3111111111111111111113         2222
     3222222222222222222223         2222
     3                    3         2222
     3                    3         2222
     3                    3         2222
     3                    3         2222
     3                    3         2222
     3                    3         2222
     3                    3         2222
     3                    3         2222
     3                    3         2222
     3                    3         2222
     3                    3         2222
111111111               1111111111452222
2222222226666666666666662222222222782222
2222222229999999999999992222222222782222
2222222229999999999999992222222222782222
